66.4225
65.645
64.81083333
64.70083333
64.73211009
65.92761905
69.23333333
72.33166667
76.565
78.1025
76.38916667
74.87166667
72.1975
71.735
71.2605042
71.04916667
71.63666667
71.8025
75.15916667
81.20166667
84.9925
85.9525
83.76416667
76.45166667
70.52268041
69.51344538
69.77310924
69.36666667
68.5175
69.82416667
74.97833333
81.14833333
85.43916667
86.60166667
85.82416667
82.15083333
78.32583333
75.19416667
74.2425
73.84666667
71.98083333
72.79285714
76.13898305
79.28166667
80.185
78.40583333
73.54416667
70.48583333
70.29416667
71.50666667
71.6789916
72.09833333
73.19083333
71.72416667
70.23333333
68.59083333
72.40583333
77.81833333
79.51666667
77.47333333
74.42966102
74.25510204
71.44621849
70.05333333
69.0875
69.44666667
71.12
72.56083333
75.11666667
76.08333333
76.11916667
74.58083333
